64 64
276.858
276.794
277.181
277.271
277.738
277.811
277.783
277.72
277.697
277.646
277.435
277.479
277.481
277.47
277.466
277.52
277.547
277.533
277.639
277.66
277.516
277.435
277.234
277.205
277.217
277.145
277.36
277.563
277.36
277.303
277.136
277.014
277.249
277.362
277.473
277.551
277.332
277.88
277.926
278.261
278.145
278.207
277.937
278.026
278.308
278.369
278.609
278.634
278.687
278.329
278.419
279.06
279.114
288
288
288
288
288
288
288
288
288
288
288
276.923
276.932
277.225
277.545
277.807
277.768
277.714
277.662
277.653
277.592
277.519
277.5
277.472
277.398
277.372
277.454
277.474
277.459
277.589
277.54
277.464
277.04
277.051
277.166
277.284
277.354
277.4
277.512
277.438
277.42
277.166
277.035
277.231
277.277
277.273
277.486
277.454
277.613
278.071
278.08
278.338
278.164
278.214
278.256
277.941
278.166
278.023
278.5
278.158
278.612
278.438
278.816
278.628
288
288
288
288
288
288
288
288
288
288
288
277.048
277.28
277.424
277.466
277.729
277.727
277.688
277.635
277.626
277.604
277.557
277.52
277.425
277.319
277.309
277.349
277.362
277.431
277.478
277.639
277.419
277.018
276.977
277.159
277.315
277.328
277.391
277.608
277.473
277.578
277.354
277.253
277.219
277.303
277.198
277.568
277.566
278.056
278.361
278.182
278.393
278.364
278.203
278.146
278.349
278.33
278.059
277.92
278.03
278.227
278.218
278.516
278.536
288
288
288
288
288
288
288
288
288
288
288
277.256
277.481
277.445
277.648
277.496
277.67
277.765
277.667
277.657
277.679
277.668
277.54
277.37
277.286
277.326
277.352
277.36
277.494
277.649
277.461
277.244
277.057
277.227
277.272
277.294
277.308
277.378
277.57
277.549
277.724
277.429
277.273
277.399
277.31
277.328
277.207
277.696
277.835
278.062
277.851
278.266
278.273
278.465
278.217
278.386
278.224
278.233
278.1
278.082
278.064
278.385
278.701
278.673
288
288
288
288
288
288
288
288
288
288
288
277.459
277.56
277.423
277.573
277.572
277.549
277.544
277.525
277.693
277.706
277.498
277.35
277.162
277.258
277.411
277.481
277.52
277.632
277.418
277.305
277.259
277.382
277.299
277.257
277.28
277.342
277.164
277.428
277.402
277.739
277.396
277.46
277.476
277.494
277.352
277.358
277.509
278.03
278.214
278.153
278.452
278.282
278.031
278.126
278.341
278.274
278.096
278.045
278.045
278.228
278.277
278.323
278.575
288
288
288
288
288
288
288
288
288
288
288
277.353
277.466
277.314
277.572
277.753
277.876
277.6
277.63
277.51
277.35
277.711
277.303
276.964
277.13
277.506
277.62
277.671
277.59
277.259
277.282
277.51
277.42
277.373
277.334
277.134
277.432
277.458
277.574
277.561
277.505
277.723
277.429
277.416
277.296
277.426
277.013
277.174
277.723
278.153
278.471
278.596
278.466
278.438
278.321
278.198
277.952
278.066
278.357
277.966
278.124
278.163
278.277
278.574
288
288
288
288
288
288
288
288
288
288
288
277.391
277.346
277.364
277.606
277.79
277.904
277.967
277.913
277.704
277.351
277.674
277.408
277.007
276.877
277.058
277.602
277.324
277.239
277.337
277.439
277.542
277.75
277.279
277.414
277.43
277.494
277.512
277.191
277.444
277.606
277.771
277.767
277.716
277.618
277.415
277.086
277.176
277.65
277.765
278.463
278.703
278.624
278.467
278.568
278.284
278.456
278.609
278.571
278.249
278.155
278.405
278.247
278.091
288
288
288
288
288
288
288
288
288
288
288
277.419
277.313
277.427
277.683
277.791
277.838
277.92
277.92
277.69
277.411
277.631
277.629
277.397
277.319
277.402
277.323
277.822
277.887
277.454
277.677
277.602
277.714
277.567
277.588
277.531
277.557
277.452
277.522
277.645
277.845
277.947
277.603
277.727
277.561
277.284
277.485
277.764
277.845
278.011
278.693
278.809
278.723
278.425
278.624
278.347
278.789
278.766
278.053
278.334
278.163
278.791
278.565
278.156
288
288
288
288
288
288
288
288
288
288
288
277.26
277.335
277.492
277.691
277.704
277.669
277.755
277.87
277.503
277.754
277.728
277.558
277.336
277.384
277.657
277.779
277.547
277.434
277.849
277.828
277.852
277.716
277.706
277.784
277.514
277.652
277.679
277.712
277.64
277.846
277.939
277.983
277.687
277.654
277.864
277.868
277.949
278.09
278.064
278.473
278.568
278.829
278.295
278.86
278.797
278.824
278.76
278.048
278.457
278.271
278.884
278.332
278.594
288
288
288
288
288
288
288
288
288
288
288
277.266
277.17
277.486
277.518
277.594
277.525
277.66
277.654
277.345
277.549
277.851
277.583
277.354
277.483
277.802
277.621
277.779
277.705
277.541
277.429
277.832
277.874
277.714
277.961
277.669
277.755
277.587
277.841
277.719
277.787
277.829
277.761
277.727
277.803
277.927
277.94
277.861
277.949
278.482
278.576
278.76
278.682
278.804
278.814
278.879
278.646
278.776
278.693
278.379
278.649
278.852
278.998
279.028
288
288
288
288
288
288
288
288
288
288
288
277.367
277.381
277.486
277.312
277.401
277.568
277.761
277.632
277.355
277.58
277.947
277.746
277.555
277.654
277.886
277.866
277.749
277.653
277.549
277.772
277.894
277.969
278.119
278.108
277.924
277.726
277.917
278.013
277.904
277.848
277.838
277.734
277.766
277.547
277.857
277.905
277.736
278.473
278.717
278.761
278.639
278.682
278.363
278.808
278.838
278.929
278.952
278.866
278.729
278.885
278.943
278.961
278.689
288
288
288
288
288
288
288
288
288
288
288
277.592
277.499
277.305
277.542
277.195
277.332
277.446
277.215
277.531
277.843
277.963
277.927
277.797
277.813
277.934
277.858
277.696
277.362
277.48
277.389
277.553
277.925
278.159
278.037
277.914
277.647
277.917
277.91
277.75
277.905
277.827
277.904
277.699
277.688
277.605
277.843
278.021
278.415
278.682
278.68
278.574
278.37
278.735
278.493
278.779
278.936
278.664
278.9
278.901
278.88
278.859
278.816
278.825
288
288
288
288
288
288
288
288
288
288
288
277.567
277.522
277.303
277.209
277.424
277.567
277.517
277.499
277.47
277.832
277.983
278.034
277.939
277.903
277.971
277.896
277.736
277.571
277.401
277.803
277.965
278.121
278.12
278.028
277.674
277.746
277.676
277.869
277.971
277.898
277.989
277.829
277.788
277.592
277.888
277.726
278.031
278.342
278.429
278.652
278.066
278.615
278.658
278.765
278.797
278.93
278.59
278.879
278.928
278.89
278.711
278.384
278.646
288
288
288
288
288
288
288
288
288
288
288
277.663
277.508
277.39
277.406
277.421
277.458
277.735
277.539
277.851
277.884
277.958
277.977
277.945
277.549
277.973
277.918
277.766
277.602
277.779
277.876
277.971
278.083
278.104
277.809
277.862
277.891
277.599
277.809
277.877
277.848
277.932
277.915
277.585
277.927
278.196
278.085
277.98
278.38
278.427
278.662
278.596
278.617
278.803
278.792
278.498
278.867
278.869
278.853
278.874
278.841
278.718
278.08
278.242
288
288
288
288
288
288
288
288
288
288
288
277.663
277.571
277.408
277.336
277.409
277.372
277.687
277.796
277.908
277.87
277.892
277.607
277.922
277.536
277.515
277.492
277.238
277.373
277.841
277.929
277.976
278.044
277.836
277.768
277.844
277.92
277.648
277.916
277.839
277.803
277.864
277.746
277.652
278.064
278.141
278.122
278.052
278.142
278.306
278.732
278.749
278.75
278.8
278.706
278.492
278.863
278.837
278.79
278.792
278.785
278.005
278.206
278.269
288
288
288
288
288
288
288
288
288
288
288
277.656
277.47
277.4
277.08
277.207
277.468
277.364
277.823
277.933
277.867
277.853
277.878
277.964
277.929
277.828
277.297
277.401
277.627
277.658
277.774
277.868
278.023
277.747
278.009
277.993
277.681
277.662
277.876
277.862
277.598
277.828
277.655
277.952
277.838
278.179
278.237
278.179
278.271
278.744
278.861
278.684
278.785
278.824
278.721
278.798
278.751
278.657
278.445
278.647
278.649
278.32
278.522
278.419
288
288
288
288
288
288
288
288
288
288
288
277.403
277.338
277.289
277.307
277.274
277.307
277.642
277.845
277.954
277.943
278.216
277.975
277.975
277.901
277.505
277.363
277.548
277.664
277.503
277.584
277.713
277.965
277.691
278.006
278.001
277.829
277.561
277.89
277.754
277.904
277.709
277.69
278.007
278.154
278.279
278.375
278.133
278.527
278.732
278.787
278.669
278.549
278.593
278.703
278.608
278.504
278.164
278.249
278.501
278.643
278.37
278.408
278.403
288
288
288
288
288
288
288
288
288
288
288
277.208
277.331
277.48
277.378
277.273
277.5
277.706
277.865
277.966
278.042
278.322
278.031
277.941
277.636
277.858
277.252
277.532
277.375
277.358
277.596
277.677
277.51
277.771
278
277.711
277.651
277.783
277.92
278.101
277.831
277.549
277.925
277.94
278.227
278.334
278.384
278.596
278.28
278.639
278.774
278.437
278.92
278.842
278.428
278.742
278.509
278.34
278.557
278.417
278.707
278.334
278.644
278.64
288
288
288
288
288
288
288
288
288
288
288
277.374
277.501
277.426
277.397
277.318
277.617
277.9
277.698
277.977
278.341
278.388
278.293
277.905
277.876
277.944
277.721
277.442
277.254
277.509
277.667
277.592
277.835
277.969
277.956
277.937
277.584
277.869
277.945
278.033
277.903
278.057
278.157
278.283
278.177
278.214
278.378
278.506
278.397
278.669
278.768
278.677
278.801
278.667
278.787
278.57
278.492
278.447
278.631
278.398
278.495
278.272
278.556
278.678
288
288
288
288
288
288
288
288
288
288
288
277.317
277.506
277.114
277.204
277.334
277.624
277.645
278
277.642
278.325
278.417
278.332
277.968
277.965
278.037
277.65
277.168
277.143
277.274
277.552
277.634
277.802
277.882
277.941
277.879
277.746
277.913
278.102
277.802
277.916
278.218
278.417
278.379
278.328
278.343
278.412
278.436
278.544
278.063
278.541
278.534
278.736
278.781
278.761
278.038
277.866
278.165
278.68
278.573
278.587
278.488
278.718
278.837
288
288
288
288
288
288
288
288
288
288
288
277.48
277.369
277.385
277.309
277.345
277.591
277.99
278.009
277.523
277.718
277.716
277.879
277.831
277.864
277.937
277.384
277.48
277.5
277.548
277.306
277.483
277.774
277.899
277.817
277.711
277.98
278.1
278.101
278.143
277.997
278.305
278.408
278.164
278.023
278.332
278.269
278.422
278.546
278.568
278.587
278.647
278.633
278.809
278.561
278.581
278.322
278.397
278.465
278.596
278.668
278.738
278.814
279.012
288
288
288
288
288
288
288
288
288
288
288
277.428
277.509
277.416
277.327
277.422
277.629
278.033
277.613
277.714
277.886
277.918
278.014
277.837
278.076
277.809
277.917
277.578
277.242
277.578
277.226
277.417
277.772
277.599
277.836
277.809
277.951
278.128
277.805
278.206
277.865
278.376
278.485
278.294
277.779
278.042
278.23
278.58
278.512
278.621
278.485
278.559
278.618
278.821
278.736
278.49
278.189
278.005
278.008
278.638
278.73
278.788
278.859
279.228
288
288
288
288
288
288
288
288
288
288
288
277.394
277.466
277.467
277.412
277.504
277.631
277.88
277.995
277.903
277.84
277.886
277.964
277.749
278.029
278.009
277.935
277.919
277.415
277.227
277.387
277.371
277.592
277.7
277.893
277.892
278.13
278.238
278.28
278.283
278.177
278.429
278.11
278.3
277.995
277.978
278.172
278.514
278.675
278.625
278.608
278.536
278.727
278.805
278.674
278.663
278.298
278.125
278.253
278.482
278.697
278.654
278.838
278.841
288
288
288
288
288
288
288
288
288
288
288
277.329
277.428
277.488
277.482
277.495
277.591
277.972
278.009
277.958
277.92
277.91
277.904
277.937
278.077
278.062
277.669
277.8
277.541
277.636
277.318
277.324
277.305
277.584
277.801
277.858
278.015
278.28
278.15
278.333
278.001
278.378
278.399
278.106
277.966
278.144
278.377
278.574
278.436
278.557
278.475
277.671
278.609
278.823
278.861
278.712
278.295
277.974
278.147
278.273
278.609
278.742
278.836
278.95
288
288
288
288
288
288
288
288
288
288
288
277.31
277.439
277.535
277.515
277.463
277.525
277.906
278.029
278.012
277.997
277.957
277.882
277.924
278.057
278.044
277.761
277.825
277.692
277.447
277.286
277.208
277.564
277.712
277.873
278.065
278.273
278.159
278.295
278.197
278.353
278.35
278.141
277.886
277.86
277.988
278.057
278.165
278.437
278.533
278.73
278.337
278.306
278.713
278.851
278.767
278.187
277.936
278.099
278.24
278.623
278.844
278.884
278.971
288
288
288
288
288
288
288
288
288
288
288
277.334
277.421
277.495
277.505
277.471
277.495
277.897
278.087
278.045
278.056
278.016
277.91
277.875
277.67
277.846
277.729
277.482
277.678
277.452
277.119
277.29
277.554
277.846
277.958
277.852
277.929
278.242
278.028
278.357
278.54
278.403
278.263
278.295
278.106
277.787
277.902
278.009
278.355
278.644
278.84
278.726
278.601
278.803
278.814
278.406
278.205
278.086
277.968
278.031
278.631
278.3
278.884
278.886
288
288
288
288
288
288
288
288
288
288
288
277.404
277.386
277.419
277.485
277.521
277.514
277.892
278.087
278.064
278.084
278.082
278.005
277.668
277.466
277.77
277.486
277.812
277.521
277.263
277.56
277.428
277.713
277.935
278.1
278.141
278.087
278.38
278.36
278.333
278.571
278.407
278.424
278.392
278.201
277.856
277.874
278.097
278.408
278.908
278.828
278.712
278.77
278.756
278.826
278.419
278.09
278.124
278.036
278.255
277.367
278.253
278.902
279.023
288
288
288
288
288
288
288
288
288
288
288
277.49
277.288
277.451
277.543
277.563
277.535
277.788
277.995
278.012
278.018
278.027
278.026
278.001
277.959
277.935
277.751
277.513
277.478
277.697
277.504
277.486
277.853
278.077
278.235
278.328
278.434
278.297
278.342
278.285
277.984
278.249
278.525
278.446
278.104
277.911
277.941
278.082
278.53
278.699
278.795
278.862
278.335
278.692
278.681
278.557
278.399
278.455
278.292
278.409
278.567
278.775
278.953
279.085
288
288
288
288
288
288
288
288
288
288
288
277.525
277.496
277.565
277.619
277.607
277.596
277.854
278.024
278.002
277.986
278.025
278.001
277.592
277.682
277.886
277.778
277.871
277.876
277.789
277.788
277.938
277.864
278.173
278.289
278.451
278.501
278.375
278.454
278.263
278.201
278.504
278.551
278.415
278.309
278.099
278.034
278.181
278.419
278.627
278.73
278.788
278.676
278.43
278.584
278.739
278.497
278.513
278.122
278.516
278.83
278.957
279.058
279.348
288
288
288
288
288
288
288
288
288
288
288
277.475
277.621
277.58
277.361
277.55
277.588
277.895
278.084
277.555
277.733
278.015
277.665
277.227
277.32
277.67
277.815
277.874
278.108
278.14
278.161
278.103
278.119
278.224
278.369
278.424
278.175
278.435
278.476
278.51
278.551
278.571
278.638
278.647
278.513
278.141
278.116
278.337
278.274
278.499
278.595
278.569
278.444
278.47
278.405
278.476
278.352
278.057
278.526
278.636
278.674
278.958
279.107
279.177
288
288
288
288
288
288
288
288
288
288
288
277.581
277.634
277.66
277.618
277.522
277.362
277.372
278.055
277.784
277.538
277.784
277.548
277.452
277.481
277.667
277.712
277.673
278.161
277.956
278.147
277.924
278.104
277.992
278.207
278.509
278.256
278.356
278.557
278.605
278.665
278.766
278.737
278.72
278.499
278.185
278.501
278.289
278.297
278.412
278.518
278.463
278.387
278.499
278.586
278.312
278.274
278.452
278.515
278.425
278.746
279.143
278.919
279.321
288
288
288
288
288
288
288
288
288
288
288
277.662
277.678
277.662
277.591
277.51
277.571
277.754
277.991
277.758
277.561
277.487
277.525
277.533
277.572
277.444
277.644
277.666
278.129
278.135
277.94
277.83
277.92
278.225
278.454
278.336
278.44
278.556
278.642
278.682
278.706
278.808
278.775
278.817
278.724
278.141
278.552
278.438
278.371
278.432
278.271
278.281
278.329
278.509
278.315
278.168
278.28
278.388
278.029
278.067
278.736
278.875
278.916
279.081
288
288
288
288
288
288
288
288
288
288
288
277.676
277.635
277.556
277.474
277.509
277.559
277.899
278.16
277.698
277.536
277.651
277.714
277.735
277.634
277.955
277.839
278.032
277.879
277.941
278.229
278.183
278.318
278.224
278.281
278.287
278.286
278.414
278.659
278.717
278.769
278.839
278.826
278.855
278.492
278.561
278.576
278.499
278.407
278.467
278.325
278.469
278.409
278.662
278.661
278.459
278.222
278.378
277.959
278.624
278.739
278.801
278.852
278.995
288
288
288
288
288
288
288
288
288
288
288
277.585
277.628
277.433
277.459
277.597
277.234
277.628
277.769
277.859
277.718
277.536
277.886
277.953
277.898
277.845
278.043
278.101
278.285
278.272
277.993
277.858
278.387
278.124
278.167
278.395
278.403
277.959
278.571
278.714
278.791
278.865
278.888
278.925
278.446
278.455
278.662
278.504
278.417
278.314
278.551
278.537
278.621
278.693
278.659
278.41
278.248
278.069
277.489
278.583
278.759
278.754
278.761
279.095
288
288
288
288
288
288
288
288
288
288
288
277.618
277.711
277.528
277.693
277.73
277.324
277.807
277.771
277.942
277.793
277.56
277.64
277.719
277.776
277.777
278.069
278.048
278.042
277.88
278.079
278.172
278.339
278.107
278.113
278.446
278.414
278.281
278.688
278.749
278.826
278.864
278.888
278.924
278.498
278.577
278.567
278.538
278.58
278.529
278.497
278.59
278.686
278.714
278.634
278.394
278.239
278.086
278.38
278.74
278.695
278.673
278.697
278.853
288
288
288
288
288
288
288
288
288
288
288
277.864
277.943
277.72
277.621
277.472
277.693
278.134
277.966
278.104
277.824
277.619
277.615
277.756
277.813
277.968
277.983
277.997
277.976
278.04
277.89
278.218
278.125
278.376
278.279
278.301
278.397
278.197
278.747
278.847
278.787
278.841
278.874
278.909
278.144
278.097
278.546
278.494
278.7
278.613
278.561
278.548
278.619
278.609
278.484
278.209
278.09
278.748
278.516
278.526
278.605
278.717
278.819
278.6
288
288
288
288
288
288
288
288
288
288
288
278.069
277.998
277.749
277.972
277.896
277.766
278.114
278.216
277.866
277.622
277.619
277.665
277.893
277.826
277.991
277.929
277.747
277.793
277.91
277.533
278.131
278.388
278.402
278.227
278.416
278.378
278.601
278.758
278.847
278.28
278.726
278.842
278.869
278.494
278.02
278.679
278.912
278.814
278.701
278.573
278.532
278.542
278.496
278.389
277.932
278.183
278.5
278.539
278.586
278.553
278.596
278.533
278.457
288
288
288
288
288
288
288
288
288
288
288
278.085
277.82
277.847
277.85
277.799
277.798
278.096
278.176
278.055
277.659
277.601
277.654
277.705
277.793
277.91
277.821
277.746
277.918
277.944
278.049
278.044
278.359
278.071
278.215
278.331
278.205
278.559
278.733
278.744
278.596
278.641
278.695
278.908
278.818
278.833
278.865
279.066
278.954
278.809
278.608
278.496
278.455
278.373
278.142
278.157
278.13
278.226
278.518
278.439
278.709
278.622
278.479
278.411
288
288
288
288
288
288
288
288
288
288
288
278.059
277.776
277.982
277.821
277.758
277.791
278.114
278.018
277.739
277.595
277.445
277.509
277.655
277.801
277.946
277.717
277.766
277.683
277.982
278.135
278.237
278.308
278.341
278.321
278.32
278.159
278.406
278.699
278.49
278.447
278.208
278.275
278.743
278.267
278.473
278.954
278.508
278.741
278.712
278.579
278.54
278.291
278.286
278.218
278.205
278.112
277.987
278.301
278.309
278.45
278.388
278.345
278.308
288
288
288
288
288
288
288
288
288
288
288
278.079
278.055
277.997
277.478
277.498
277.439
278.171
278.032
277.927
277.661
277.405
277.448
277.64
277.772
277.7
277.872
277.869
277.928
277.856
278.053
278.215
277.962
278.292
278.338
278.117
278.456
278.701
278.676
278.351
278.266
278.328
278.615
278.558
278.813
278.881
278.124
278.803
278.781
278.622
278.564
278.583
278.35
278.383
278.383
278.217
278.167
278.238
278.226
278.085
278.089
278.083
278.205
278.23
288
288
288
288
288
288
288
288
288
288
288
278.046
277.849
277.906
277.593
277.7
277.871
278.058
278.205
277.953
277.738
277.392
277.414
277.713
277.795
277.758
277.707
277.821
277.834
277.959
277.728
277.979
278.041
278.242
278.353
278.378
278.668
278.72
278.293
278.472
278.456
278.452
278.401
278.229
278.2
278.23
278.763
278.798
278.406
278.639
278.738
278.356
278.377
278.325
278.365
278.277
278.247
278.325
278.411
278.005
277.973
277.957
278.173
278.345
288
288
288
288
288
288
288
288
288
288
288
277.997
277.863
277.65
277.559
277.58
277.718
278.069
277.878
277.969
277.61
277.828
277.544
277.733
278.116
277.972
277.687
277.957
277.864
278.052
278.158
278.156
278.128
278.224
278.357
278.64
278.714
278.558
278.315
278.637
278.421
278.616
278.299
278.534
278.334
278.643
278.858
279.021
278.87
278.741
278.482
278.535
278.347
278.353
278.42
278.281
278.285
278.366
278.333
277.973
277.99
278.096
278.303
278.383
288
288
288
288
288
288
288
288
288
288
288
277.876
277.634
277.833
277.449
277.593
277.62
278.022
277.651
277.728
277.79
277.607
277.559
277.868
277.981
278.152
277.873
278.032
278.056
277.795
277.846
278.137
278.095
278.131
278.104
278.796
278.772
278.551
278.395
278.623
278.611
278.579
278.277
278.468
278.451
278.554
278.806
279.014
278.749
278.788
278.642
278.455
278.491
278.464
278.436
278.301
278.137
278.373
278.133
278.028
278.148
278.336
278.28
278.417
288
288
288
288
288
288
288
288
288
288
288
277.958
277.914
277.772
277.605
277.681
277.735
277.836
277.79
277.68
277.762
277.735
277.547
277.725
278.063
277.919
277.773
278.021
278.022
277.919
277.951
278.009
278.023
277.924
278.332
278.736
278.524
278.502
278.226
278.256
278.449
278.138
278.422
278.432
278.275
278.432
278.754
278.762
278.415
278.555
278.655
278.544
278.521
278.534
278.548
278.407
278.299
278.487
278.392
278.268
278.187
278.277
278.257
278.378
288
288
288
288
288
288
288
288
288
288
288
277.976
278.042
277.464
277.772
277.784
277.86
277.814
277.853
277.844
277.7
277.721
277.896
278.234
278.276
277.954
277.592
277.986
277.939
277.916
277.889
277.926
277.977
278.082
278.472
278.646
278.405
278.164
277.955
278.556
278.296
278.278
278.375
278.333
278.203
278.562
278.329
278.823
278.763
278.543
278.557
278.657
278.5
278.592
278.649
278.669
278.201
278.586
278.458
278.246
278.112
278.056
278.159
278.295
288
288
288
288
288
288
288
288
288
288
288
278.055
277.939
277.909
277.697
277.768
277.619
277.849
277.888
277.804
277.888
277.964
278.063
278.264
278.247
278.01
277.738
277.889
277.981
277.914
277.836
277.809
277.971
278.239
278.276
278.397
278.343
278.26
278.368
278.583
278.29
278.386
278.352
278.42
278.135
278.419
278.363
278.432
278.438
278.265
278.43
278.607
278.465
278.444
278.604
278.808
278.63
278.764
278.302
278.089
277.972
277.909
277.95
277.929
288
288
288
288
288
288
288
288
288
288
288
278.164
278.018
278.126
278.041
277.963
277.882
277.833
278.195
277.941
278.029
277.589
278.008
278.159
278.097
277.965
277.89
277.995
277.66
277.786
277.815
277.915
278.277
278.029
278.334
278.233
278.183
278.197
278.306
278.319
278.484
278.357
278.329
278.448
278.163
278.105
278.045
278.173
278.338
278.381
278.731
278.45
278.503
278.491
278.475
278.247
278.932
278.56
278.157
278.009
277.932
277.823
277.736
277.878
288
288
288
288
288
288
288
288
288
288
288
278.082
278.043
277.697
277.99
277.718
277.702
277.862
278.281
277.804
277.705
277.596
277.712
278.034
277.947
277.846
277.821
277.874
277.769
277.75
277.851
277.879
278.028
278.091
278.109
278.191
278.279
278.381
278.407
278.512
278.507
278.443
278.405
278.395
278.358
278.211
278.122
278.171
278.153
278.236
278.677
278.364
278.396
278.376
278.342
278.407
278.529
278.148
278.042
277.942
277.822
277.728
277.737
277.907
288
288
288
288
288
288
288
288
288
288
288
277.82
277.829
277.755
277.824
277.762
277.749
278.031
277.857
277.78
277.673
277.581
277.729
277.897
277.75
277.443
277.536
277.666
277.637
277.955
277.933
277.638
277.771
277.907
278.038
278.223
278.078
278.513
278.519
278.542
278.482
278.34
278.342
278.302
278.256
278.196
278.152
278.11
278.226
278.494
278.637
278.36
278.305
278.296
278.356
278.037
277.637
278.031
278.053
277.857
277.829
277.82
277.86
277.957
288
288
288
288
288
288
288
288
288
288
288
277.885
277.885
277.844
277.935
277.864
277.804
277.863
278.03
277.752
277.68
277.585
277.959
277.525
277.59
277.548
277.553
277.548
277.78
278.008
277.822
277.683
277.843
277.894
277.955
278.221
278.237
278.472
278.517
278.553
278.548
278.394
278.289
278.235
278.157
278.207
278.243
278.226
278.438
278.58
278.567
278.297
278.275
278.404
278.002
277.16
277.422
278.124
278.213
278.016
277.862
277.832
277.988
278.062
288
288
288
288
288
288
288
288
288
288
288
277.932
277.951
277.839
277.841
277.807
277.842
277.989
277.881
277.828
277.852
277.977
277.891
277.363
277.674
277.874
277.62
277.96
278.034
278.011
277.792
277.884
277.907
277.859
277.951
278.15
278.281
278.498
278.511
278.602
278.497
278.43
278.317
278.172
278.099
278.139
278.217
278.26
278.395
278.411
278.433
278.382
278.363
278.43
277.794
277.16
277.16
278.256
278.264
278.141
277.96
277.915
277.936
278.099
288
288
288
288
288
288
288
288
288
288
288
277.917
277.807
277.83
277.895
277.879
278.213
277.883
277.892
277.858
277.923
277.681
277.511
277.346
277.636
277.506
277.839
278.145
278.11
277.857
277.893
277.933
277.858
277.762
277.869
278.1
278.317
278.444
278.557
278.561
278.462
278.557
278.269
278.168
278.004
278.1
278.174
278.572
278.432
278.352
278.427
278.422
278.426
278.456
278.143
277.16
277.16
278.359
278.272
278.175
278.113
278.06
278.072
278.221
288
288
288
288
288
288
288
288
288
288
288
277.947
277.986
277.985
278.11
277.897
277.874
277.899
277.903
277.89
277.799
277.895
277.559
277.398
277.416
277.795
278.022
278.21
278.082
278.092
277.942
277.909
277.785
277.659
277.951
278.025
278.291
278.461
278.543
278.637
278.536
278.345
278.315
278.142
277.941
278.087
278.112
278.11
278.098
278.381
278.425
278.401
278.395
277.894
277.376
277.16
278.15
278.077
278.226
278.285
278.351
278.24
278.349
278.35
288
288
288
288
288
288
288
288
288
288
288
279.24
279.224
279.286
279.376
279.461
279.552
279.629
279.653
279.616
279.502
279.291
279.053
278.903
278.876
278.948
279.108
279.294
279.39
279.411
279.444
279.387
279.137
278.941
279.114
279.556
279.953
280.226
280.405
280.41
280.252
280.098
279.974
279.758
279.521
279.499
279.702
279.925
280.066
280.157
280.211
280.228
280.242
280.254
280.268
280.32
280.334
280.18
279.975
279.997
280.236
280.43
280.483
280.457
280.368
280.238
280.139
280.059
279.932
279.79
279.694
279.602
279.495
279.4
279.315
279.171
279.123
279.186
279.307
279.447
279.577
279.658
279.679
279.639
279.51
279.302
279.101
278.988
278.975
279.039
279.169
279.318
279.421
279.465
279.469
279.383
279.192
279.053
279.156
279.471
279.82
280.098
280.261
280.248
280.089
279.926
279.809
279.66
279.501
279.483
279.634
279.825
279.977
280.097
280.175
280.192
280.188
280.196
280.22
280.263
280.275
280.181
280.067
280.125
280.363
280.588
280.669
280.617
280.49
280.364
280.257
280.131
279.982
279.856
279.758
279.634
279.518
279.422
279.301
279.067
279.007
279.066
279.212
279.406
279.575
279.659
279.669
279.615
279.478
279.292
279.135
279.046
279.027
279.09
279.212
279.338
279.433
279.488
279.487
279.404
279.254
279.134
279.173
279.399
279.708
279.964
280.087
280.053
279.905
279.744
279.63
279.536
279.457
279.458
279.562
279.709
279.857
280.002
280.1
280.114
280.092
280.107
280.165
280.221
280.228
280.167
280.118
280.205
280.437
280.677
280.785
280.731
280.595
280.462
280.33
280.162
280.002
279.887
279.77
279.609
279.473
279.366
279.221
278.927
278.881
278.941
279.107
279.35
279.555
279.648
279.657
279.595
279.449
279.279
279.157
279.085
279.061
279.111
279.217
279.328
279.432
279.511
279.526
279.455
279.327
279.211
279.203
279.353
279.595
279.794
279.872
279.829
279.711
279.58
279.486
279.435
279.41
279.424
279.499
279.624
279.778
279.931
280.032
280.047
280.016
280.019
280.079
280.15
280.176
280.155
280.156
280.264
280.486
280.723
280.848
280.807
280.666
280.513
280.352
280.173
280.012
279.877
279.728
279.553
279.402
279.255
279.074
278.792
278.766
278.831
279.019
279.294
279.517
279.622
279.646
279.592
279.448
279.284
279.17
279.111
279.106
279.159
279.24
279.326
279.426
279.52
279.551
279.502
279.404
279.305
279.268
279.333
279.477
279.618
279.674
279.624
279.51
279.399
279.334
279.321
279.333
279.36
279.426
279.552
279.713
279.858
279.95
279.981
279.966
279.949
279.977
280.044
280.106
280.144
280.197
280.32
280.515
280.716
280.831
280.81
280.682
280.513
280.339
280.166
279.998
279.819
279.642
279.48
279.323
279.126
278.92
278.664
278.636
278.715
278.939
279.235
279.462
279.58
279.614
279.558
279.422
279.273
279.16
279.104
279.12
279.186
279.255
279.325
279.416
279.503
279.545
279.525
279.452
279.36
279.3
279.3
279.366
279.468
279.519
279.451
279.311
279.199
279.159
279.179
279.228
279.277
279.34
279.455
279.611
279.747
279.835
279.88
279.886
279.875
279.895
279.961
280.039
280.106
280.185
280.316
280.499
280.676
280.779
280.775
280.669
280.494
280.303
280.127
279.943
279.734
279.533
279.369
279.193
278.975
278.777
278.477
278.426
278.545
278.845
279.186
279.443
279.59
279.617
279.524
279.378
279.242
279.129
279.069
279.093
279.156
279.215
279.294
279.396
279.489
279.561
279.584
279.507
279.366
279.26
279.228
279.263
279.347
279.385
279.288
279.119
279.01
279
279.056
279.139
279.207
279.259
279.356
279.517
279.681
279.784
279.808
279.779
279.765
279.814
279.907
279.994
280.053
280.119
280.251
280.463
280.675
280.79
280.783
280.676
280.489
280.273
280.072
279.874
279.653
279.438
279.234
279.016
278.793
278.61
278.278
278.221
278.401
278.773
279.153
279.444
279.619
279.628
279.499
279.344
279.207
279.08
279.029
279.074
279.127
279.163
279.243
279.352
279.452
279.569
279.649
279.571
279.376
279.22
279.156
279.167
279.233
279.255
279.132
278.94
278.835
278.852
278.946
279.06
279.135
279.176
279.265
279.446
279.658
279.794
279.791
279.699
279.65
279.711
279.826
279.931
280.008
280.071
280.185
280.405
280.652
280.782
280.761
280.64
280.452
280.227
280.003
279.781
279.553
279.331
279.096
278.848
278.625
278.441
278.096
278.07
278.305
278.723
279.14
279.458
279.619
279.587
279.45
279.312
279.152
278.992
278.964
279.058
279.111
279.116
279.176
279.274
279.379
279.532
279.652
279.583
279.372
279.184
279.073
279.056
279.14
279.184
279.03
278.775
278.633
278.675
278.828
278.978
279.04
279.052
279.139
279.348
279.603
279.771
279.763
279.634
279.556
279.608
279.722
279.841
279.946
280.01
280.088
280.29
280.564
280.727
280.71
280.58
280.395
280.176
279.933
279.673
279.416
279.18
278.938
278.683
278.456
278.262
277.941
277.966
278.239
278.691
279.155
279.488
279.592
279.499
279.378
279.271
279.083
278.89
278.883
279.001
279.046
279.034
279.073
279.154
279.279
279.479
279.608
279.522
279.322
279.133
278.967
278.917
279.056
279.163
278.986
278.648
278.455
278.526
278.752
278.937
278.963
278.923
279.01
279.265
279.562
279.744
279.72
279.568
279.485
279.544
279.659
279.771
279.864
279.9
279.941
280.136
280.448
280.66
280.667
280.534
280.343
280.122
279.869
279.58
279.282
279.009
278.748
278.486
278.257
278.073
277.833
277.929
278.259
278.741
279.215
279.51
279.532
279.398
279.306
279.217
279.014
278.826
278.825
278.901
278.912
278.915
278.945
278.984
279.144
279.421
279.532
279.37
279.176
279.045
278.877
278.808
278.993
279.154
278.97
278.597
278.389
278.466
278.712
278.899
278.884
278.802
278.914
279.254
279.617
279.798
279.723
279.523
279.433
279.512
279.634
279.725
279.773
279.762
279.784
279.992
280.333
280.579
280.616
280.502
280.302
280.061
279.796
279.498
279.182
278.862
278.556
278.284
278.068
277.909
